name,total_fights,wins,finishes,ko/tko_wins,submisson_wins,decision_wins,win_streak,title_fight_wins,sig_strikes_landed,sig_strikes_attempted,takedowns_landed,takedown_attempted,sig_str_landed,sig_str_absorbed,takedown_avg,submission_avg,sig_str_def,takedown_def,knockdown_avg,avg_fight_time,str_standing,str_clinch,str_ground,str_head,str_body,str_leg,win_rate
Tim Elliot,33,20,9,3,6,11,2,0,791,1786,36,125,3.47,2.76,3.88,0.92,57,60,0.13,12.40,492,142,157,461,162,168,60.61
Muhammad Mokaev,10,10,7,2,5,3,10,0,51,94,22,41,1.14,0.87,7.34,1.34,62,0,0.33,11.14,33,1,17,23,20,8,100
Muin Gafurov,23,18,17,10,7,1,0,0,92,222,5,18,3.07,2.90,2.50,0.00,48,63,0.00,15.00,64,18,10,68,15,9,78.26
Said Nurmagomedov,20,17,9,4,5,8,0,0,258,539,5,30,3.54,2.15,1.03,1.23,57,65,0.21,09.07,189,44,25,140,59,59,85
Warlley Alves,21,15,11,4,7,4,1,0,457,955,8,26,3.21,4.09,1.37,0.95,51,80,0.32,10.09,351,71,35,258,106,93,71.43
Ikram Aliskerov,15,14,10,5,5,4,6,0,27,45,1,3,6.25,7.88,3.47,3.47,40,0,3.47,02.10,25,2,0,14,12,1,93.33
Johnny Walker,28,21,18,16,2,3,3,0,337,599,3,3,3.85,2.58,0.51,1.03,46,60,0.69,07.17,222,37,78,195,36,106,75
Magomed Ankalaev,20,18,10,10,0,8,9,0,485,928,9,31,3.55,2.15,0.99,0.00,59,86,0.66,12.26,316,48,121,312,125,48,90
Khamzat Chimaev,12,12,11,6,5,1,12,0,220,369,4,14,7.30,3.98,3.95,3.49,41,100,1,5.1,91,11,118,192,16,12,100
Paulo Costa,16,14,12,11,1,2,1,0,555,920,3,4,6.50,6.38,0.53,0.00,47,79,0.70,10.40,471,39,45,294,230,31,87.5
Charles Oliveira,43,34,31,10,21,3,1,3,777,1441,26,85,3.54,3.19,2.32,2.73,52,56,0.55,6.52,444,160,173,454,211,112,79.06
Islam Makhachev,25,24,16,4,11,9,12,2,337,569,13,50,2.35,1.27,3.24,1.05,62,91,0.31,10.15,175,67,95,231,91,15,96
Valentina Shevchenko,28,23,15,8,7,8,0,8,942,1793,12,77,3.28,2.11,2.56,0.37,63,71,0.05,17.57,662,87,193,615,126,201,82.142
Amanda Nunes,28,23,17,13,4,6,12,11,975,1881,118,71,4.55,2.62,2.73,0.70,58,82,0.63,10.44,662,52,261,666,126,183,82.142
Jon Jones,28,27,17,10,7,10,13,15,1468,2536,36,97,4.29,2.22,1.93,0.48,64,95,0.22,14.53,958,248,262,689,359,420,96.42
Francis Ngannou,20,17,16,12,4,1,6,2,229,555,50,80,2.33,2.16,0.76,0.31,42,72,1.22,7.01,150,36,43,156,41,32,85
Kamaru Usman,23,20,10,9,1,10,0,6,1334,2554,59,129,4.46,2.75,2.96,0.10,54,97,0.50,17.35,754,235,345,836,390,108,86.95652173913
Alexander Volkanovski,28,26,16,13,3,12,1,6,1508,2642,16,79,6.25,3.36,1.86,0.19,59,69,0.37,17.14,1110,140,258,951,165,392,92.85
Khabib Nurmagomedov,29,29,19,8,11,10,29,4,705,1444,49,127,4.10,1.75,5.32,0.79,65,85,0.17,13.13,298,27,380,604,65,36,100
Jiri Prochazka,34,29,26,25,1,3,0,1,260,467,2,4,5.31,5.17,0.61,0.31,40,68,0.61,12.15,205,11,44,214,38,8,85.2941176471
Alex Pereira,11,9,7,7,0,2,2,2,392,632,1,1,5.00,3.65,0.19,0.38,51,70,0.57,11.12,323,54,15,166,128,98,81.8181818182
Shamil Abdurakhimov,28,20,13,9,4,7,0,0,251,567,5,30,2.41,3.02,1.01,0.14,55,45,0.29,09.27,169,60,22,149,47,55,71.4285714286
Jailton Almeida,22,20,19,7,12,1,15,0,154,237,19,34,2.78,0.52,5.14,2.43,43,75,0.00,07.55,9,3,142,143,8,3,90.9090909091
Derrick Lewis,39,27,22,22,0,5,0,0,617,1219,9,34,2.43,2.48,0.53,0.00,41,53,0.53,09.05,243,109,265,486,102,29,69.2307692308
Marcos Rogerio De Lima,32,21,17,14,3,4,0,0,403,711,10,21,3.61,2.96,1.34,0.54,52,59,0.81,06.12,288,36,79,226,65,112,65.625
Waldo Cortes Acosta,11,10,6,5,1,4,1,0,360,720,0,0,6.97,4.06,0.00,0.00,52,60,0.58,10.20,329,21,10,270,65,25,90.9090909091
Sean O'Malley,18,17,12,12,0,5,5,1,761,1245,3,7,7.25,3.51,0.43,0.43,62,63,1.14,08.45,708,18,35,541,151,69,94.4444444444
Aljamanin Sterling,27,23,11,3,8,12,0,4,1186,2262,33,136,4.73,2.41,1.97,0.78,58,45,0.00,13.12,784,180,222,582,390,214,85.1851851852
Henry Cejudo,19,16,8,8,0,8,0,4,682,1442,19,70,3.93,3.15,2.07,0.17,61,83,0.43,13.21,436,145,101,371,213,98,84.2105263158
Tj Dillashaw,23,18,11,8,3,7,0,1,1123,2732,21,75,5.09,3.47,1.56,0.82,62,78,0.61,12.16,820,113,190,748,163,212,78.2608695652
Demetrious Johnson,31,27,13,2,11,14,2,13,1291,2362,74,149,3.43,1.66,3.35,0.52,67,66,0.16,17.56,726,400,165,586,400,305,87.0967741935
Wilson Reis,33,23,10,0,10,13,0,0,271,917,43,119,1.83,3.04,5.15,0.61,56,47,0.00,11.25,182,37,52,152,35,84,69.696969697
Alexandre Pantoja,31,26,18,8,10,8,4,1,641,1333,3,38,4.41,3.81,1.75,1.03,52,67,0.41,11.11,519,72,50,426,131,84,83.8709677419
Brandon Moreno,30,21,16,5,11,5,0,3,887,2057,12,59,3.80,3.40,1.73,0.51,56,64,0.26,15.34,753,49,85,690,125,72,70
Leon Edwards,24,21,10,7,3,11,2,2,734,1375,22,66,2.80,2.40,1.26,0.34,54,69,0.29,16.24,549,100,85,423,169,142,87.5
Nate Diaz,35,22,18,5,13,4,1,0,1694,3746,27,85,4.57,3.77,1.05,1.29,53,42,0.16,11.35,1165,365,164,1272,271,151,62.8571428571
Tony Ferguson,35,26,21,13,8,5,0,0,1260,2782,6,20,4.98,4.26,0.42,0.95,56,67,0.18,11.29,1149,31,80,761,235,264,74.2857142857
Conor McGregor,28,22,20,19,1,2,0,2,599,1204,5,9,5.32,4.66,0.67,0.13,54,67,1.73,08.02,461,61,77,419,102,78,78.5714285714
Dustin Poirier,37,29,21,15,6,8,0,1,1696,3332,24,76,5.49,4.30,1.36,1.21,54,64,0.63,09.58,1277,255,164,1359,159,178,78.3783783784
Justin Gaetjhe,30,26,20,20,0,6,2,0,861,1429,1,4,7.35,7.50,0.13,0.00,54,75,0.77,09.46,746,101,14,542,81,238,86.6666666667
Rafael Fiziev,15,12,9,8,1,3,0,0,515,997,2,5,4.90,4.97,0.29,0.00,49,89,0.29,11.41,461,50,4,232,191,92,80
Michael Chandler,31,23,18,11,7,5,0,0,339,730,10,26,4.89,4.58,2.17,0.87,46,71,0.65,07.44,218,21,100,240,64,35,74.193548387
Dan Hooker,35,23,18,11,7,5,2,0,1066,2182,13,32,5.08,4.76,0.79,0.36,51,81,0.64,09.59,907,93,66,666,176,224,65.7142857143
Jalin Turner,20,13,13,9,4,0,0,0,481,991,5,9,5.82,4.61,0.91,1.27,41,76,1.09,07.31,352,51,78,325,134,22,65
Sean Strickland,33,28,15,11,4,13,3,1,1714,4091,11,28,5.82,4.24,0.92,0.20,63,84,0.31,14.43,1539,72,103,1401,223,90,84.8484848485
Abus Magomedov,32,25,20,14,6,5,0,0,92,215,1,2,3.73,5.36,0.61,0.00,55,100,0.61,08.13,88,2,2,46,31,15,78.125
Caio Borralho,16,15,8,4,4,7,14,0,228,389,12,19,2.73,1.98,2.16,0.54,61,57,0.36,11.55,146,34,48,135,62,31,93.75
Michael Oleksiejczuk,25,19,15,14,1,4,1,0,406,799,4,9,5.12,4.17,0.76,0.00,62,48,1.32,06.37,319,20,67,275,122,9,76
Chidi Njokuani,32,22,15,14,1,7,0,3,232,382,0,0,4.04,3.19,0.00,0.26,53,68,0.78,08.12,123,70,39,98,100,34,68.75
Albert Duraev,21,16,12,3,9,4,0,0,159,393,7,24,2.99,3.01,1.97,0.56,60,67,0.00,10.39,115,1,43,98,18,43,76.1904761905
Junyong Park,22,17,11,5,6,6,4,0,493,961,14,28,4.94,3.66,2.10,1.20,54,70,0.15,11.05,407,43,43,404,42,47,77.2727272727
Denis Tiuliulin,20,11,9,9,0,2,0,0,144,343,0,2,4.50,6.15,0.00,0.00,36,73,0.94,06.24,118,20,6,106,32,6,55
Greorgy Rodrigues,19,14,12,9,3,2,1,0,337,607,9,18,5.99,5.67,2.40,0.53,51,100,1.07,07.02,271,34,32,257,69,11,73.6842105263
Julian Marquez,13,9,9,6,3,0,0,0,311,692,0,6,4.86,4.99,0.00,2.58,51,53,0.47,09.08,198,67,46,243,50,18,69.2307692308
Marc-Andre Barriault,22,16,11,10,1,5,2,0,736,1554,2,8,5.95,5.22,0.24,0.12,54,67,0.36,11.15,461,209,66,543,130,63,72.7272727273
Eryk Anders,23,15,10,9,1,5,0,0,692,1454,20,83,3.56,4.39,1.54,0.08,50,80,0.54,12.09,412,172,108,473,180,39,65.2173913043
Kyle Daukaus,15,11,9,0,9,2,0,0,250,473,9,43,3.22,2.94,2.12,1.93,42,83,0.00,09.43,159,35,56,180,41,29,73.3333333333
Roman Dolidze,14,12,10,7,3,2,0,0,238,540,9,18,3.02,3.01,1.72,1.72,55,33,0.76,09.50,186,23,29,157,38,43,85.7142857143
Jack Hermansson,31,23,17,11,6,6,0,0,878,1988,19,64,5.13,3.69,1.66,0.44,55,75,0.00,10.42,654,70,154,484,186,208,74.1935483871
Chris Curtis,40,30,18,17,1,12,0,0,450,894,0,0,5.36,6.30,0.00,0.00,54,92,0.72,10.29,406,27,17,297,120,33,75
Nassorudine Imamov,16,12,9,5,4,3,1,0,437,824,7,22,4.55,3.76,1.09,1.72,59,73,0.00,13.44,316,80,41,289,96,52,75
Joaquin Buckley,23,17,12,12,0,5,2,0,424,1278,7,30,3.87,3.31,1.51,0.00,58,65,0.96,09.58,369,28,27,224,146,54,73.9130434783
Alex Morono,32,23,13,6,7,10,0,0,1108,2661,5,22,5.02,4.17,0.34,0.34,58,50,0.34,11.36,965,90,53,887,148,73,71.875
Andre Fialho,24,16,14,13,1,2,0,0,202,486,1,1,3.30,6.26,0.25,0.00,46,67,0.49,08.44,165,32,5,140,39,23,66.6666666667
Tim Means,49,33,25,20,5,8,1,0,1445,2938,22,52,2.10,3.65,1.16,0.16,60,65,0.58,10.08,1106,200,139,882,402,161,67.3469387755
Bobby Green,47,31,20,11,9,11,0,0,1766,3368,23,61,6.14,3.74,1.20,0.31,62,74,0.26,11.16,1414,202,150,1030,445,291,65.9574468085
Jalin Turner,21,14,14,10,4,0,1,0,514,1051,5,9,6.02,4.63,0.88,1.23,41,76,1.23,07.07,370,51,93,351,136,27,66.6666666667
Claudio Puelles,16,13,7,0,7,6,0,0,136,273,12,39,1.82,2.93,2.41,1.40,47,60,0.00,10.41,71,7,58,85,42,9,81.25
Clay Guida,59,38,21,7,14,17,0,0,1280,3785,63,280,2.64,3.01,3.13,0.62,61,68,0.19,12.26,787,168,325,796,198,286,64.406779661
Joaquim Silva,18,13,10,7,3,3,1,0,365,883,3,5,3.61,4.51,0.45,0.74,54,64,0.30,10.06,290,48,27,226,99,40,72.2222222222
Arman Tsarukyan,24,21,14,9,5,7,3,0,476,990,28,77,3.85,1.91,3.40,0.00,54,75,0.36,12.22,308,37,131,306,111,59,87.5
Beneil Dariush,29,22,13,5,8,9,0,0,774,1580,26,76,3.78,2.65,1.90,0.88,58,81,0.51,08.54,509,123,142,473,180,121,75.8620689655
Mateusz Gamrot,25,23,13,8,5,10,2,0,276,549,12,88,2.97,3.17,4.36,0.16,60,91,0.16,11.37,226,21,29,194,41,41,92
Diego Ferreira,23,18,11,4,7,7,1,0,589,1551,6,27,4.66,3.42,0.71,0.71,56,63,0.36,09.02,454,44,91,415,124,50,78.2608695652
Michael Johnson,41,22,11,9,2,11,0,0,1381,3528,8,26,4.28,3.91,0.46,0.05,58,81,0.51,11.32,1227,100,54,755,415,211,53.6585365854
Josh Emmet,22,18,8,6,2,10,0,0,729,2002,9,29,4.07,4.66,0.92,0.08,61,47,0.92,13.47,609,42,78,464,156,109,81.8181818182
Ilia Topuria,14,14,12,4,8,2,14,0,274,590,9,16,4.44,3.05,2.19,1.46,67,93,0.97,10.17,202,8,64,205,43,26,100
Bryce Mitchell,18,16,9,0,9,7,1,0,240,407,24,58,2.34,1.64,3.51,1.61,58,33,0.15,12.49,119,10,11,159,66,15,88.8888888889
Dan Ige,24,17,10,5,5,7,0,0,790,1739,15,56,3.76,3.53,1.07,0.29,57,59,0.43,13.08,618,60,112,525,174,91,70.8333333333
Yair Rodriguez,20,16,10,6,4,6,0,1,859,1859,8,32,4.63,4.07,0.73,0.73,52,59,0.24,13.16,692,53,114,470,164,225,80
Brian Ortega,18,15,10,3,7,5,0,0,596,1545,9,38,4.19,6.66,0.95,1.16,50,56,0.53,12.57,529,46,21,420,110,66,83.3333333333
Chan Sung Jung,25,17,14,6,8,3,0,0,678,1635,5,18,3.93,4.52,0.70,0.61,52,73,0.43,12.20,529,57,92,529,81,68,68
Frankie Edgar,35,23,10,6,4,13,0,0,1801,4451,67,232,3.77,2.82,2.29,0.31,66,66,0.09,15.54,1263,129,409,1195,344,262,65.7142857143
Marlon Vera,30,21,16,8,8,5,1,0,1241,2455,11,28,4.37,5.16,0.58,0.95,52,70,0.63,12.54,965,134,151,689,256,287,70
Cory Sandhagen,21,17,10,7,3,7,3,0,790,1739,16,48,5.33,3.40,1.36,0.34,58,64,0.34,13.34,774,34,131,637,140,162,80.9523809524
Petr Yan,21,16,8,7,1,8,0,2,1016,1900,23,44,5.03,4.26,1.71,0.15,59,85,0.74,16.50,720,118,178,690,209,117,76.1904761905
Jan Blachowicz,40,29,18,9,9,11,0,2,894,1783,19,38,3.41,2.91,1.09,0.34,53,69,0.34,13.06,679,105,110,565,192,137,72.5
Cirly Gane,14,12,9,6,3,3,0,1,856,1406,6,28,5.49,2.19,0.58,0.48,63,50,0.29,14.10,767,65,24,377,238,241,85.7142857143
Serghei Spivac,19,16,13,7,6,3,0,0,315,637,27,42,3.54,3.79,4.56,0.51,50,70,0.00,08.05,158,14,143,301,10,4,84.2105263158
Alexander Gustafsson,26,18,14,11,3,4,0,0,751,1845,18,48,3.03,3.53,1.53,0.40,51,84,0.72,10.22,575,59,117,523,110,118,69.2307692308
Daniel Cormier,25,22,15,10,5,7,0,6,1216,2310,35,78,4.25,2.92,1.83,0.42,55,80,0.26,12.27,722,258,236,903,168,145,88
Anthony Johnson,28,22,17,17,0,5,0,0,381,800,19,33,3.25,1.83,2.43,0.64,60,77,1.66,06.10,214,67,100,255,57,69,78.5714285714
Glover Teixeira,42,33,28,18,10,5,0,1,1007,2023,20,112,3.73,4.43,2.11,0.94,51,60,0.33,10.20,500,93,414,861,129,17,78.5714285714
Calvin Kattar,30,23,13,11,2,10,0,0,905,2287,5,17,5.12,7.10,0.42,0.08,55,91,0.42,14.44,840,12,53,705,122,78,76.6666666667
Giga Chikadze,18,15,10,9,1,5,1,0,534,1237,1,6,4.08,3.44,0.23,0.23,63,69,0.69,13.05,475,11,48,320,132,82,83.3333333333
Alex Caceres,35,21,11,4,7,10,0,0,1437,2843,9,19,4.16,2.93,0.56,0.69,63,65,0.22,11.55,1227,125,85,907,353,177,60
Daniel Pineda,43,28,28,9,19,0,0,0,298,606,11,44,3.09,3.18,1.71,1.71,47,49,0.31,08.35,177,20,101,200,44,54,65.1162790698
Edson Barboza,35,24,14,14,0,10,2,0,1426,3169,11,22,4.18,4.34,0.48,0.09,58,75,0.70,11.45,1303,63,60,626,449,351,68.5714285714
Tucker Lutz,16,12,8,6,2,4,0,0,310,661,11,25,3.74,3.25,1.99,0.18,44,69,0.00,13.48,255,30,25,168,78,64,75
Pat Sabatini,23,18,13,2,11,5,0,0,114,191,14,33,2.02,1.54,3.73,1.86,49,50,0.27,08.03,44,10,60,86,20,8,78.2608695652
Diego Lopes,29,23,23,9,12,0,2,0,70,131,0,1,2.47,4.91,0.00,5.29,37,43,0.53,07.05,48,8,14,55,11,4,79.3103448276
Thiago Santos,33,22,15,15,0,7,0,0,888,1844,14,42,3.72,2.57,0.88,0.06,54,66,0.88,09.57,512,150,226,455,204,229,66.6666666667
Jamahal Hill,13,12,7,7,0,5,4,1,608,1115,0,0,7.31,3.35,0.00,0.00,48,73,0.72,09.14,481,71,56,407,153,48,92.3076923077
Paul Craig,25,17,17,4,13,0,0,0,329,710,16,71,2.42,2.86,1.76,1.65,45,38,0.11,08.00,195,54,80,179,95,55,68
Brendan Allen,28,23,19,5,14,4,6,0,470,863,11,23,3.87,3.60,1.36,1.73,47,59,0.49,08.40,338,35,97,291,112,67,82.1428571429
Bruno Silva,33,23,20,20,0,3,0,0,304,586,5,18,4.43,5.33,1.09,0.00,43,73,0.44,08.35,214,32,58,224,50,30,69.696969697
Shara Magomedov,12,12,10,10,0,2,12,0,113,154,0,0,7.53,4.33,0.00,0.00,29,57,0.00,15.00,74,15,24,56,22,35,100
Ovince Saint Preux,43,26,20,12,8,6,0,0,848,1802,24,63,2.71,3.14,1.15,0.53,46,67,0.43,09.30,576,78,164,530,234,84,60.4651162791
Philipe Lins,22,17,13,9,4,4,3,0,174,376,5,14,3.59,3.73,1.55,0.00,45,100,0.31,09.42,145,25,4,104,48,22,77.2727272727
Max Grishin,44,32,22,16,6,10,0,0,228,433,1,6,3.26,2.27,0.21,0.00,59,67,0.43,14.00,186,24,18,96,45,87,72.7272727273
William Knight,16,11,9,9,0,2,0,0,286,502,8,32,2.62,3.30,1.78,0.41,36,48,0.27,12.08,139,54,93,188,39,59,68.75
Marchin Prachino,23,16,11,11,0,5,0,0,401,723,0,4,5.39,3.25,0.00,0.00,54,55,0.20,09.18,346,54,1,108,124,169,69.5652173913
Vitor Petrino,10,10,7,7,0,3,10,0,133,273,7,17,3.07,2.65,4.15,1.04,44,68,0.69,10.50,90,3,40,104,24,5,100
Anton Turkalj,11,8,7,5,2,1,0,0,53,118,16,31,1.72,2.48,6.55,0.00,50,17,0.00,09.10,45,9,9,35,11,17,72.7272727273
Tyson Pedro,14,10,10,5,5,0,1,0,199,325,4,11,3.11,2.53,0.94,0.94,55,53,1.17,06.24,143,37,19,107,53,39,71.4285714286
Modestas Bukauskas,21,15,11,9,2,4,0,0,215,522,0,1,3.28,3.87,0.00,0.00,50,71,0.00,09.22,188,26,1,147,45,23,71.4285714286
Zac Pauga,9,7,2,2,0,5,0,0,158,252,1,11,4.44,2.72,0.42,0.00,58,100,0.00,11.52,110,46,2,80,55,23,77.7777777778
Mohammed Usman,13,11,6,4,2,5,4,0,104,260,3,16,2.92,3.96,1.26,0.00,52,0,0.42,11.55,94,4,6,75,29,0,84.6153846154
Zhang Weili,27,24,19,11,8,5,3,4,738,1421,19,45,5.94,3.44,2.29,0.36,54,67,0.36,12.25,464,60,214,423,117,198,88.8888888889
Amanda Lemos,17,13,11,8,3,2,0,0,325,588,5,9,3.54,4.66,0.82,0.82,43,56,0.82,09.11,235,50,40,210,72,43,76.4705882353
Marina Rodriguez,22,17,7,6,1,10,1,0,871,1786,3,7,4.77,2.89,0.25,0.16,56,66,0.16,14.03,557,233,81,471,233,167,77.2727272727
Michelle Waterson-Gomez,30,18,12,3,9,6,0,0,791,1698,21,65,3.56,4.19,1.42,0.68,50,70,0.00,13.53,558,149,84,364,226,201,60
Luana Pinheiro,13,11,7,2,5,4,0,0,198,475,7,20,3.89,4.83,2.36,0.29,63,67,0.59,10.11,167,19,12,121,45,32,84.6153846154
Sam Hughes,13,8,5,2,3,3,1,0,356,762,7,17,3.79,4.23,1.12,0.00,54,58,0.00,13.25,239,51,66,264,50,42,61.5384615385
Piera Rodriguez,10,9,5,5,0,4,0,0,188,401,12,29,3.46,2.98,3.31,0.00,57,67,0.00,13.35,115,58,12,92,80,16,90
Kay Hansen,13,7,6,2,4,1,0,0,173,343,7,31,3.01,3.19,1.83,0.78,52,38,0.00,14.22,136,20,17,116,43,14,53.8461538462
Alexa Grasso,20,16,6,4,2,10,5,1,846,1963,5,11,4.67,3.95,0.41,0.58,59,59,0.08,15.06,680,139,27,526,166,154,80
Viviane Araujo,17,12,7,3,4,5,1,0,676,1423,19,41,4.34,5.19,1.83,0.67,56,78,0.10,15.35,645,12,19,501,104,71,70.5882352941
Jennifer Maia,32,21,9,4,5,12,0,0,781,2022,5,18,4.35,4.52,0.42,0.08,56,59,0.00,14.57,664,111,6,565,110,106,65.625
Casey O'Neill,10,9,5,3,2,4,0,0,538,964,8,19,8.77,5.90,1.96,0.73,58,71,0.00,12.16,427,24,87,426,76,36,90
Roxanne Modafferi,46,25,9,4,5,16,0,0,668,2179,18,77,3.35,5.70,1.35,0.08,51,30,0.08,14.14,548,62,58,537,81,50,54.347826087
Taila Santos,22,19,13,10,3,6,0,0,406,845,16,21,3.39,2.64,2.00,1.13,58,86,0.38,14.59,301,48,57,223,68,115,86.3636363636
Erin Blanchfield,13,12,6,2,4,6,9,0,351,665,12,33,5.58,3.32,2.86,1.19,62,83,0.00,10.29,218,34,99,255,56,40,92.3076923077
Jessica Andrade,37,25,18,10,8,7,1,0,1591,3132,39,71,6.67,5.36,2.45,0.38,55,72,0.44,09.11,1100,296,195,1021,358,212,67.5675675676
Mackenzie Dern,17,13,7,0,7,6,0,0,548,1355,8,57,3.49,4.21,0.77,1.43,51,40,0.19,13.04,387,64,97,414,81,53,76.4705882353
Angela Hill,29,16,6,5,1,10,1,0,1896,3783,17,50,5.44,4.94,0.73,0.09,61,76,0.13,14.31,1380,453,63,1136,594,166,55.1724137931
Denise Gomes,11,8,6,6,0,2,0,0,255,524,4,12,4.81,3.66,1.13,0.85,49,47,0.57,10.36,169,49,37,140,45,70,72.7272727273
Anthony Smith,55,37,33,19,14,4,1,0,735,1517,8,28,3.16,4.45,0.52,0.65,46,49,0.45,09.55,629,65,41,459,134,142,67.2727272727
Ryan Spann,30,21,18,6,12,3,0,0,239,589,6,17,3.42,3.91,1.29,1.50,45,48,1.29,05.22,172,19,48,189,43,7,70
Nikita Krylov,39,30,28,12,16,2,3,0,546,979,19,50,4.38,2.47,2.29,1.44,45,53,0.60,06.56,279,145,122,351,128,64,76.9230769231
Shavkat Rakhmonov,18,18,18,8,10,0,18,0,179,303,2,12,4.45,2.61,1.49,1.49,54,100,0.37,08.03,108,46,25,117,54,8,100 
Li Jingliang,27,19,14,10,4,5,0,0,805,1883,8,36,4.46,3.84,1.25,0.00,58,60,0.83,10.37,695,40,70,464,104,237,70.3703703704
Gilbert Burns,28,22,15,6,9,7,0,0,855,1760,33,92,3.36,3.34,1.995,0.53,55,48,0.24,12.06,638,80,137,510,179,166,78.5714285714
Kevin Holland,35,25,21,14,7,4,0,0,1020,2070,12,31,4.39,3.22,0.78,0.52,52,53,0.32,11.04,809,102,109,559,198,263,71.4285714286

